0.0
0.0
0.0
0.0
0.0
0.0
0.0
0.0
0.0
0.0
0.0
0.0
0.0
0.0
0.0
0.0
0.0
0.0
0.0
0.0
0.0
0.0
0.0
0.0
0.0
0.0
0.0
0.0
0.0
0.0
0.0
0.0
0.0
0.0
0.0
0.0
0.0
0.0
0.0
0.0
0.0
0.0
0.0
0.0
0.0
0.0
0.0
0.0
0.0
0.0
0.0
0.0
0.0
0.0
0.0
0.0
0.0
0.0
0.0
0.0
0.0
0.0
0.0
0.0
0.0
0.0
0.0
0.0
0.0
0.0
0.0
0.0
0.0
0.0
0.0
0.0
0.0
0.0
0.0
0.0
0.0
0.0
0.0
0.0
0.0
0.0
0.0
0.0
0.0
0.0
0.0
0.0
0.0
0.0
0.0
0.0
0.0
0.0
0.0
0.0
0.0
0.0
0.0
0.0
0.0
0.0
0.0
0.0
0.0
0.0
0.000457608384
0.000457608384
0.000457608384
0.000457608384
0.000457608384
0.000457608384
0.000457608384
0.000457608384
0.000457608384
0.000457608384
0.013937988695999999
0.013937988695999999
0.013937988695999999
0.013937988695999999
0.013937988695999999
0.013937988695999999
0.013937988695999999
0.013937988695999999
0.013937988695999999
0.013937988695999999
0.035693453952
0.035693453952
0.035693453952
0.035693453952
0.035693453952
0.035693453952
0.035693453952
0.035693453952
0.035693453952
0.035693453952
0.007950945672
0.007950945672
0.007950945672
0.007950945672
0.007950945672
0.007950945672
0.007950945672
0.007950945672
0.007950945672
0.007950945672
0.008141615832
0.008141615832
0.008141615832
0.008141615832
0.008141615832
0.008141615832
0.008141615832
0.008141615832
0.008141615832
0.008141615832
0.00896149752
0.00896149752
0.00896149752
0.00896149752
0.00896149752
0.00896149752
0.00896149752
0.00896149752
0.00896149752
0.00896149752
0.008980564536
0.008980564536
0.008980564536
0.008980564536
0.008980564536
0.008980564536
0.008980564536
0.008980564536
0.008980564536
0.008980564536
0.006635321568
0.006635321568
0.006635321568
0.006635321568
0.006635321568
0.006635321568
0.006635321568
0.006635321568
0.006635321568
0.006635321568
0.005567568671999999
0.005567568671999999
0.005567568671999999
0.005567568671999999
0.005567568671999999
0.005567568671999999
0.005567568671999999
0.005567568671999999
0.005567568671999999
0.005567568671999999
0.007989079704
0.007989079704
0.007989079704
0.007989079704
0.007989079704
0.007989079704
0.007989079704
0.007989079704
0.007989079704
0.007989079704
0.009972049368
0.009972049368
0.009972049368
0.009972049368
0.009972049368
0.009972049368
0.009972049368
0.009972049368
0.009972049368
0.009972049368
0.010429657752
0.010429657752
0.010429657752
0.010429657752
0.010429657752
0.010429657752
0.010429657752
0.010429657752
0.010429657752
0.010429657752
0.009781379207999999
0.009781379207999999
0.009781379207999999
0.009781379207999999
0.009781379207999999
0.009781379207999999
0.009781379207999999
0.009781379207999999
0.009781379207999999
0.009781379207999999
0.005090893272
0.005090893272
0.005090893272
0.005090893272
0.005090893272
0.005090893272
0.005090893272
0.005090893272
0.005090893272
0.005090893272
0.002135505792
0.002135505792
0.002135505792
0.002135505792
0.002135505792
0.002135505792
0.002135505792
0.002135505792
0.002135505792
0.002135505792
0.0
0.0
0.0
0.0
0.0
0.0
0.0
0.0
0.0
0.0
0.0
0.0
0.0
0.0
0.0
0.0
0.0
0.0
0.0
0.0
0.0
0.0
0.0
0.0
0.0
0.0
0.0
0.0
0.0
0.0
0.0
0.0
0.0
0.0
0.0
0.0
0.0
0.0
0.0
0.0
0.0
0.0
0.0
0.0
0.0
0.0
0.0
0.0
0.0
0.0
0.0
0.0
0.0
0.0
0.0
0.0
0.0
0.0
0.0
0.0
0.0
0.0
0.0
0.0
0.0
0.0
0.0
0.0
0.0
0.0
0.0
0.0
0.0
0.0
0.0
0.0
0.0
0.0
0.0
0.0
0.0
0.0
0.0
0.0
0.0
0.0
0.0
0.0
0.0
0.0
0.0
0.0
0.0
0.0
0.0
0.0
0.0
0.0
0.0
0.0
0.0
0.0
0.0
0.0
0.0
