0.0
0.0
0.0
0.0
0.0
0.0
0.0
0.0
0.0
0.0
0.0
0.0
0.0
0.0
0.0
0.0
0.0
0.0
0.0
0.0
0.0
0.0
0.0
0.0
0.0
0.0
0.0
0.0
0.0
0.0
0.0
0.0
0.0
0.0
0.0
0.0
0.0
0.0
0.0
0.0
0.0
0.0
0.0
0.0
0.0
0.0
0.0
0.0
0.0
0.0
0.0
0.0
0.0
0.0
0.0
0.0
0.0
0.0
0.0
0.0
0.0
0.0
0.0
0.0
0.0
0.0
0.0
0.0
0.0
0.0
0.0
0.0
0.0
0.0
0.0
0.0
0.0
0.0
0.0
0.0
0.0
0.0
0.0
0.0
0.0
0.0
0.0
0.0
0.0
0.0
3.852585e-05
3.852585e-05
3.852585e-05
3.852585e-05
3.852585e-05
3.852585e-05
3.852585e-05
3.852585e-05
3.852585e-05
3.852585e-05
4.319565000000001e-05
4.319565000000001e-05
4.319565000000001e-05
4.319565000000001e-05
4.319565000000001e-05
4.319565000000001e-05
4.319565000000001e-05
4.319565000000001e-05
4.319565000000001e-05
4.319565000000001e-05
4.98112e-05
4.98112e-05
4.98112e-05
4.98112e-05
4.98112e-05
4.98112e-05
4.98112e-05
4.98112e-05
4.98112e-05
4.98112e-05
5.6426749999999996e-05
5.6426749999999996e-05
5.6426749999999996e-05
5.6426749999999996e-05
5.6426749999999996e-05
5.6426749999999996e-05
5.6426749999999996e-05
5.6426749999999996e-05
5.6426749999999996e-05
5.6426749999999996e-05
6.304230000000002e-05
6.304230000000002e-05
6.304230000000002e-05
6.304230000000002e-05
6.304230000000002e-05
6.304230000000002e-05
6.304230000000002e-05
6.304230000000002e-05
6.304230000000002e-05
6.304230000000002e-05
7.70517e-05
7.70517e-05
7.70517e-05
7.70517e-05
7.70517e-05
7.70517e-05
7.70517e-05
7.70517e-05
7.70517e-05
7.70517e-05
7.821914999999999e-05
7.821914999999999e-05
7.821914999999999e-05
7.821914999999999e-05
7.821914999999999e-05
7.821914999999999e-05
7.821914999999999e-05
7.821914999999999e-05
7.821914999999999e-05
7.821914999999999e-05
8.600215e-05
8.600215e-05
8.600215e-05
8.600215e-05
8.600215e-05
8.600215e-05
8.600215e-05
8.600215e-05
8.600215e-05
8.600215e-05
8.600215e-05
8.600215e-05
8.600215e-05
8.600215e-05
8.600215e-05
8.600215e-05
8.600215e-05
8.600215e-05
8.600215e-05
8.600215e-05
3.774755e-05
3.774755e-05
3.774755e-05
3.774755e-05
3.774755e-05
3.774755e-05
3.774755e-05
3.774755e-05
3.774755e-05
3.774755e-05
1.5566000000000003e-05
1.5566000000000003e-05
1.5566000000000003e-05
1.5566000000000003e-05
1.5566000000000003e-05
1.5566000000000003e-05
1.5566000000000003e-05
1.5566000000000003e-05
1.5566000000000003e-05
1.5566000000000003e-05
5.953995000000001e-05
5.953995000000001e-05
5.953995000000001e-05
5.953995000000001e-05
5.953995000000001e-05
5.953995000000001e-05
5.953995000000001e-05
5.953995000000001e-05
5.953995000000001e-05
5.953995000000001e-05
0.0001035139
0.0001035139
0.0001035139
0.0001035139
0.0001035139
0.0001035139
0.0001035139
0.0001035139
0.0001035139
0.0001035139
0.00010857285000000001
0.00010857285000000001
0.00010857285000000001
0.00010857285000000001
0.00010857285000000001
0.00010857285000000001
0.00010857285000000001
0.00010857285000000001
0.00010857285000000001
0.00010857285000000001
0.00010429220000000001
0.00010429220000000001
0.00010429220000000001
0.00010429220000000001
0.00010429220000000001
0.00010429220000000001
0.00010429220000000001
0.00010429220000000001
0.00010429220000000001
0.00010429220000000001
3.852585e-05
3.852585e-05
3.852585e-05
3.852585e-05
3.852585e-05
3.852585e-05
3.852585e-05
3.852585e-05
3.852585e-05
3.852585e-05
5.4481e-06
5.4481e-06
5.4481e-06
5.4481e-06
5.4481e-06
5.4481e-06
5.4481e-06
5.4481e-06
5.4481e-06
5.4481e-06
1.1285349999999999e-05
1.1285349999999999e-05
1.1285349999999999e-05
1.1285349999999999e-05
1.1285349999999999e-05
1.1285349999999999e-05
1.1285349999999999e-05
1.1285349999999999e-05
1.1285349999999999e-05
1.1285349999999999e-05
2.7629649999999997e-05
2.7629649999999997e-05
2.7629649999999997e-05
2.7629649999999997e-05
2.7629649999999997e-05
2.7629649999999997e-05
2.7629649999999997e-05
2.7629649999999997e-05
2.7629649999999997e-05
2.7629649999999997e-05
3.34669e-05
3.34669e-05
3.34669e-05
3.34669e-05
3.34669e-05
3.34669e-05
3.34669e-05
3.34669e-05
3.34669e-05
3.34669e-05
8.172150000000001e-06
8.172150000000001e-06
8.172150000000001e-06
8.172150000000001e-06
8.172150000000001e-06
8.172150000000001e-06
8.172150000000001e-06
8.172150000000001e-06
8.172150000000001e-06
8.172150000000001e-06
8.172150000000001e-06
0.0
0.0
0.0
0.0
0.0
0.0
0.0
0.0
0.0
0.0
0.0
0.0
0.0
0.0
0.0
0.0
0.0
0.0
0.0
0.0
0.0
0.0
0.0
0.0
0.0
0.0
0.0
0.0
0.0
0.0
0.0
0.0
0.0
0.0
0.0
0.0
0.0
0.0
0.0
0.0
0.0
0.0
0.0
0.0
0.0
0.0
0.0
0.0
0.0
0.0
0.0
0.0
0.0
0.0
0.0
0.0
0.0
0.0
0.0
0.0
0.0
0.0
0.0
0.0
