0.0
0.0
0.0
0.0
0.0
0.0
0.0
0.0
0.0
0.0
0.0
0.0
0.0
0.0
0.0
0.0
0.0
0.0
0.0
0.0
0.0
0.0
0.0
0.0
0.0
0.0
0.0
0.0
0.0
0.0
0.0
0.0
0.0
0.0
0.0
0.0
0.0
0.0
0.0
0.0
0.0
0.0
0.0
0.0
0.0
0.0
0.0
0.0
0.0
0.0
0.0
0.0
0.0
0.0
0.0
0.0
0.0
0.0
0.0
0.0
0.0
0.0
0.0
0.0
0.0
0.0
0.0
0.0
0.0
0.0
0.0
0.0
0.0
0.0
0.0
0.0
0.0
0.0
0.0
0.0
0.0
0.0
0.0
0.0
0.0
0.0
0.0
0.0
0.0
0.0
0.0
0.0
0.0
0.0
0.0
0.0
0.0
0.0
0.0
0.0
0.0
0.0
0.0
0.0
0.0
0.0
0.0
0.0
0.0
0.0
0.0002543570112
0.0002543570112
0.0002543570112
0.0002543570112
0.0002543570112
0.0002543570112
0.0002543570112
0.0002543570112
0.0002543570112
0.0002543570112
0.0077472906327999995
0.0077472906327999995
0.0077472906327999995
0.0077472906327999995
0.0077472906327999995
0.0077472906327999995
0.0077472906327999995
0.0077472906327999995
0.0077472906327999995
0.0077472906327999995
0.0198398468736
0.0198398468736
0.0198398468736
0.0198398468736
0.0198398468736
0.0198398468736
0.0198398468736
0.0198398468736
0.0198398468736
0.0198398468736
0.0044194530696000005
0.0044194530696000005
0.0044194530696000005
0.0044194530696000005
0.0044194530696000005
0.0044194530696000005
0.0044194530696000005
0.0044194530696000005
0.0044194530696000005
0.0044194530696000005
0.004525435157599999
0.004525435157599999
0.004525435157599999
0.004525435157599999
0.004525435157599999
0.004525435157599999
0.004525435157599999
0.004525435157599999
0.004525435157599999
0.004525435157599999
0.004981158136000001
0.004981158136000001
0.004981158136000001
0.004981158136000001
0.004981158136000001
0.004981158136000001
0.004981158136000001
0.004981158136000001
0.004981158136000001
0.004981158136000001
0.0049917563448
0.0049917563448
0.0049917563448
0.0049917563448
0.0049917563448
0.0049917563448
0.0049917563448
0.0049917563448
0.0049917563448
0.0049917563448
0.0036881766624000003
0.0036881766624000003
0.0036881766624000003
0.0036881766624000003
0.0036881766624000003
0.0036881766624000003
0.0036881766624000003
0.0036881766624000003
0.0036881766624000003
0.0036881766624000003
0.0030946769696
0.0030946769696
0.0030946769696
0.0030946769696
0.0030946769696
0.0030946769696
0.0030946769696
0.0030946769696
0.0030946769696
0.0030946769696
0.0044406494872000005
0.0044406494872000005
0.0044406494872000005
0.0044406494872000005
0.0044406494872000005
0.0044406494872000005
0.0044406494872000005
0.0044406494872000005
0.0044406494872000005
0.0044406494872000005
0.0055428632024
0.0055428632024
0.0055428632024
0.0055428632024
0.0055428632024
0.0055428632024
0.0055428632024
0.0055428632024
0.0055428632024
0.0055428632024
0.0057972202136
0.0057972202136
0.0057972202136
0.0057972202136
0.0057972202136
0.0057972202136
0.0057972202136
0.0057972202136
0.0057972202136
0.0057972202136
0.0054368811144
0.0054368811144
0.0054368811144
0.0054368811144
0.0054368811144
0.0054368811144
0.0054368811144
0.0054368811144
0.0054368811144
0.0054368811144
0.0028297217496
0.0028297217496
0.0028297217496
0.0028297217496
0.0028297217496
0.0028297217496
0.0028297217496
0.0028297217496
0.0028297217496
0.0028297217496
0.0011869993856
0.0011869993856
0.0011869993856
0.0011869993856
0.0011869993856
0.0011869993856
0.0011869993856
0.0011869993856
0.0011869993856
0.0011869993856
0.0
0.0
0.0
0.0
0.0
0.0
0.0
0.0
0.0
0.0
0.0
0.0
0.0
0.0
0.0
0.0
0.0
0.0
0.0
0.0
0.0
0.0
0.0
0.0
0.0
0.0
0.0
0.0
0.0
0.0
0.0
0.0
0.0
0.0
0.0
0.0
0.0
0.0
0.0
0.0
0.0
0.0
0.0
0.0
0.0
0.0
0.0
0.0
0.0
0.0
0.0
0.0
0.0
0.0
0.0
0.0
0.0
0.0
0.0
0.0
0.0
0.0
0.0
0.0
0.0
0.0
0.0
0.0
0.0
0.0
0.0
0.0
0.0
0.0
0.0
0.0
0.0
0.0
0.0
0.0
0.0
0.0
0.0
0.0
0.0
0.0
0.0
0.0
0.0
0.0
0.0
0.0
0.0
0.0
0.0
0.0
0.0
0.0
0.0
0.0
0.0
0.0
0.0
0.0
0.0
