0.0
0.0
0.0
0.0
0.0
0.0
0.0
0.0
0.0
0.0
0.0
0.0
0.0
0.0
0.0
0.0
0.0
0.0
0.0
0.0
0.0
0.0
0.0
0.0
0.0
0.0
0.0
0.0
0.0
0.0
0.0
0.0
0.0
0.0
0.0
0.0
0.0
0.0
0.0
0.0
0.0
0.0
0.0
0.0
0.0
0.0
0.0
0.0
0.0
0.0
0.0
0.0
0.0
0.0
0.0
0.0
0.0
0.0
0.0
0.0
0.0
0.0
0.0
0.0
0.0
0.0
0.0
0.0
0.0
0.0
0.0
0.0
0.0
0.0
0.0
0.0
0.0
0.0
0.0
0.0
0.0
0.0
0.0
0.0
0.0
0.0
0.0
0.0
0.0
0.0
0.0128097129699
0.0128097129699
0.0128097129699
0.0128097129699
0.0128097129699
0.0128097129699
0.0128097129699
0.0128097129699
0.0128097129699
0.0128097129699
0.014362405451100001
0.014362405451100001
0.014362405451100001
0.014362405451100001
0.014362405451100001
0.014362405451100001
0.014362405451100001
0.014362405451100001
0.014362405451100001
0.014362405451100001
0.0165620531328
0.0165620531328
0.0165620531328
0.0165620531328
0.0165620531328
0.0165620531328
0.0165620531328
0.0165620531328
0.0165620531328
0.0165620531328
0.018761700814499998
0.018761700814499998
0.018761700814499998
0.018761700814499998
0.018761700814499998
0.018761700814499998
0.018761700814499998
0.018761700814499998
0.018761700814499998
0.018761700814499998
0.020961348496200002
0.020961348496200002
0.020961348496200002
0.020961348496200002
0.020961348496200002
0.020961348496200002
0.020961348496200002
0.020961348496200002
0.020961348496200002
0.020961348496200002
0.0256194259398
0.0256194259398
0.0256194259398
0.0256194259398
0.0256194259398
0.0256194259398
0.0256194259398
0.0256194259398
0.0256194259398
0.0256194259398
0.026007599060099997
0.026007599060099997
0.026007599060099997
0.026007599060099997
0.026007599060099997
0.026007599060099997
0.026007599060099997
0.026007599060099997
0.026007599060099997
0.026007599060099997
0.0285954198621
0.0285954198621
0.0285954198621
0.0285954198621
0.0285954198621
0.0285954198621
0.0285954198621
0.0285954198621
0.0285954198621
0.0285954198621
0.0285954198621
0.0285954198621
0.0285954198621
0.0285954198621
0.0285954198621
0.0285954198621
0.0285954198621
0.0285954198621
0.0285954198621
0.0285954198621
0.0125509308897
0.0125509308897
0.0125509308897
0.0125509308897
0.0125509308897
0.0125509308897
0.0125509308897
0.0125509308897
0.0125509308897
0.0125509308897
0.005175641604000001
0.005175641604000001
0.005175641604000001
0.005175641604000001
0.005175641604000001
0.005175641604000001
0.005175641604000001
0.005175641604000001
0.005175641604000001
0.005175641604000001
0.019796829135300002
0.019796829135300002
0.019796829135300002
0.019796829135300002
0.019796829135300002
0.019796829135300002
0.019796829135300002
0.019796829135300002
0.019796829135300002
0.019796829135300002
0.0344180166666
0.0344180166666
0.0344180166666
0.0344180166666
0.0344180166666
0.0344180166666
0.0344180166666
0.0344180166666
0.0344180166666
0.0344180166666
0.036100100187900004
0.036100100187900004
0.036100100187900004
0.036100100187900004
0.036100100187900004
0.036100100187900004
0.036100100187900004
0.036100100187900004
0.036100100187900004
0.036100100187900004
0.0346767987468
0.0346767987468
0.0346767987468
0.0346767987468
0.0346767987468
0.0346767987468
0.0346767987468
0.0346767987468
0.0346767987468
0.0346767987468
0.0128097129699
0.0128097129699
0.0128097129699
0.0128097129699
0.0128097129699
0.0128097129699
0.0128097129699
0.0128097129699
0.0128097129699
0.0128097129699
0.0018114745614000003
0.0018114745614000003
0.0018114745614000003
0.0018114745614000003
0.0018114745614000003
0.0018114745614000003
0.0018114745614000003
0.0018114745614000003
0.0018114745614000003
0.0018114745614000003
0.0037523401628999998
0.0037523401628999998
0.0037523401628999998
0.0037523401628999998
0.0037523401628999998
0.0037523401628999998
0.0037523401628999998
0.0037523401628999998
0.0037523401628999998
0.0037523401628999998
0.009186763847099998
0.009186763847099998
0.009186763847099998
0.009186763847099998
0.009186763847099998
0.009186763847099998
0.009186763847099998
0.009186763847099998
0.009186763847099998
0.009186763847099998
0.011127629448600001
0.011127629448600001
0.011127629448600001
0.011127629448600001
0.011127629448600001
0.011127629448600001
0.011127629448600001
0.011127629448600001
0.011127629448600001
0.011127629448600001
0.0027172118421
0.0027172118421
0.0027172118421
0.0027172118421
0.0027172118421
0.0027172118421
0.0027172118421
0.0027172118421
0.0027172118421
0.0027172118421
0.0027172118421
0.0
0.0
0.0
0.0
0.0
0.0
0.0
0.0
0.0
0.0
0.0
0.0
0.0
0.0
0.0
0.0
0.0
0.0
0.0
0.0
0.0
0.0
0.0
0.0
0.0
0.0
0.0
0.0
0.0
0.0
0.0
0.0
0.0
0.0
0.0
0.0
0.0
0.0
0.0
0.0
0.0
0.0
0.0
0.0
0.0
0.0
0.0
0.0
0.0
0.0
0.0
0.0
0.0
0.0
0.0
0.0
0.0
0.0
0.0
0.0
0.0
0.0
0.0
0.0
