0.0
0.0
0.0
0.0
0.0
0.0
0.0
0.0
0.0
0.0
0.0
0.0
0.0
0.0
0.0
0.0
0.0
0.0
0.0
0.0
0.0
0.0
0.0
0.0
0.0
0.0
0.0
0.0
0.0
0.0
0.0
0.0
0.0
0.0
0.0
0.0
0.0
0.0
0.0
0.0
0.0
0.0
0.0
0.0
0.0
0.0
0.0
0.0
0.0
0.0
0.0
0.0
0.0
0.0
0.0
0.0
0.0
0.0
0.0
0.0
0.0
0.0
0.0
0.0
0.0
0.0
0.0
0.0
0.0
0.0
0.0
0.0
0.0
0.0
0.0
0.0
0.0
0.0
0.0
0.0
0.0
0.0
0.0
0.0
0.0
0.0
0.0
0.0
0.0
0.0
0.000158982813
0.000158982813
0.000158982813
0.000158982813
0.000158982813
0.000158982813
0.000158982813
0.000158982813
0.000158982813
0.000158982813
0.00017825345700000003
0.00017825345700000003
0.00017825345700000003
0.00017825345700000003
0.00017825345700000003
0.00017825345700000003
0.00017825345700000003
0.00017825345700000003
0.00017825345700000003
0.00017825345700000003
0.000205553536
0.000205553536
0.000205553536
0.000205553536
0.000205553536
0.000205553536
0.000205553536
0.000205553536
0.000205553536
0.000205553536
0.000232853615
0.000232853615
0.000232853615
0.000232853615
0.000232853615
0.000232853615
0.000232853615
0.000232853615
0.000232853615
0.000232853615
0.00026015369400000005
0.00026015369400000005
0.00026015369400000005
0.00026015369400000005
0.00026015369400000005
0.00026015369400000005
0.00026015369400000005
0.00026015369400000005
0.00026015369400000005
0.00026015369400000005
0.000317965626
0.000317965626
0.000317965626
0.000317965626
0.000317965626
0.000317965626
0.000317965626
0.000317965626
0.000317965626
0.000317965626
0.000322783287
0.000322783287
0.000322783287
0.000322783287
0.000322783287
0.000322783287
0.000322783287
0.000322783287
0.000322783287
0.000322783287
0.000354901027
0.000354901027
0.000354901027
0.000354901027
0.000354901027
0.000354901027
0.000354901027
0.000354901027
0.000354901027
0.000354901027
0.000354901027
0.000354901027
0.000354901027
0.000354901027
0.000354901027
0.000354901027
0.000354901027
0.000354901027
0.000354901027
0.000354901027
0.000155771039
0.000155771039
0.000155771039
0.000155771039
0.000155771039
0.000155771039
0.000155771039
0.000155771039
0.000155771039
0.000155771039
6.423548000000002e-05
6.423548000000002e-05
6.423548000000002e-05
6.423548000000002e-05
6.423548000000002e-05
6.423548000000002e-05
6.423548000000002e-05
6.423548000000002e-05
6.423548000000002e-05
6.423548000000002e-05
0.00024570071100000004
0.00024570071100000004
0.00024570071100000004
0.00024570071100000004
0.00024570071100000004
0.00024570071100000004
0.00024570071100000004
0.00024570071100000004
0.00024570071100000004
0.00024570071100000004
0.00042716594200000005
0.00042716594200000005
0.00042716594200000005
0.00042716594200000005
0.00042716594200000005
0.00042716594200000005
0.00042716594200000005
0.00042716594200000005
0.00042716594200000005
0.00042716594200000005
0.00044804247300000007
0.00044804247300000007
0.00044804247300000007
0.00044804247300000007
0.00044804247300000007
0.00044804247300000007
0.00044804247300000007
0.00044804247300000007
0.00044804247300000007
0.00044804247300000007
0.00043037771600000003
0.00043037771600000003
0.00043037771600000003
0.00043037771600000003
0.00043037771600000003
0.00043037771600000003
0.00043037771600000003
0.00043037771600000003
0.00043037771600000003
0.00043037771600000003
0.000158982813
0.000158982813
0.000158982813
0.000158982813
0.000158982813
0.000158982813
0.000158982813
0.000158982813
0.000158982813
0.000158982813
2.2482418000000003e-05
2.2482418000000003e-05
2.2482418000000003e-05
2.2482418000000003e-05
2.2482418000000003e-05
2.2482418000000003e-05
2.2482418000000003e-05
2.2482418000000003e-05
2.2482418000000003e-05
2.2482418000000003e-05
4.6570723e-05
4.6570723e-05
4.6570723e-05
4.6570723e-05
4.6570723e-05
4.6570723e-05
4.6570723e-05
4.6570723e-05
4.6570723e-05
4.6570723e-05
0.00011401797699999999
0.00011401797699999999
0.00011401797699999999
0.00011401797699999999
0.00011401797699999999
0.00011401797699999999
0.00011401797699999999
0.00011401797699999999
0.00011401797699999999
0.00011401797699999999
0.00013810628200000002
0.00013810628200000002
0.00013810628200000002
0.00013810628200000002
0.00013810628200000002
0.00013810628200000002
0.00013810628200000002
0.00013810628200000002
0.00013810628200000002
0.00013810628200000002
3.3723627000000004e-05
3.3723627000000004e-05
3.3723627000000004e-05
3.3723627000000004e-05
3.3723627000000004e-05
3.3723627000000004e-05
3.3723627000000004e-05
3.3723627000000004e-05
3.3723627000000004e-05
3.3723627000000004e-05
3.3723627000000004e-05
0.0
0.0
0.0
0.0
0.0
0.0
0.0
0.0
0.0
0.0
0.0
0.0
0.0
0.0
0.0
0.0
0.0
0.0
0.0
0.0
0.0
0.0
0.0
0.0
0.0
0.0
0.0
0.0
0.0
0.0
0.0
0.0
0.0
0.0
0.0
0.0
0.0
0.0
0.0
0.0
0.0
0.0
0.0
0.0
0.0
0.0
0.0
0.0
0.0
0.0
0.0
0.0
0.0
0.0
0.0
0.0
0.0
0.0
0.0
0.0
0.0
0.0
0.0
0.0
