*---------------------------------------------------------------------------*
* Station name: Dashtenaz, Iran
* Year: 2014
* Author: Peter Uithol                                     -99.000: NIL VALUE
* Source: Natuur- en Weerkunde (J.G. Krom)
* Comments: Wind speed data corrected for measurements at 10 m height.
* Comments: Missing values are exchanged with daily weather
*           data from synoptic station de Bilt, Netherlands
*
* Longitude: 51 1 E, latitude: 36 4 N, altitude: 13.5 m.
*
* Column  Daily value
* 1       station number
* 2       year
* 3       day
* 4       irradiation                   (kJ m-2 d-1)
* 5       minimum temperature           (degrees Celsius)
* 6       maximum temperature           (degrees Celsius)
* 7       early morning vapour pressure (kPa)
* 8       mean wind speed (height: 2 m) (m s-1)
* 9       precipitation                 (mm d-1)
*
** WCCDESCRIPTION=Iran, Dashtnaz Maize
** WCCFORMAT=2
** WCCYEARNR=2014
*---------------------------------------------------------------------------*
  51.1   36.4    13.5 0.25 0.5								
2	2014	1	2307750	0	12.5	9.1	7	0.19
2	2014	2	2186625	0	12.2	10.04	6	0.19
2	2014	3	2250375	4.2	11.6	10.28	6	0.19
2	2014	4	2309875	-0.2	12.6	7.31	5	0.19
2	2014	5	2303500	-0.2	14.8	6.91	5	0.19
2	2014	6	2318375	1	17.9	6.72	6	0.19
2	2014	7	2312000	2.6	19.6	7.3	8	0.19
2	2014	8	2312000	3.2	21	7.18	6	0.19
2	2014	9	2297125	5	17	8.5	7	0.19
2	2014	10	2199375	6.6	14.7	7.36	12	0.19
2	2014	11	2169625	1	9.4	8.11	18	0.28
2	2014	12	2324750	0	11.5	10.05	7	0.28
2	2014	13	2295000	-2.5	11.4	10.06	6	0.28
2	2014	14	2280125	-0.6	16.1	8.68	4	0.28
2	2014	15	2125000	0.2	9	7.29	9	0.28
2	2014	16	2305625	-2	8.8	6.84	8	0.28
2	2014	17	2288625	-3.8	12.8	7.19	5	0.28
2	2014	18	2320500	-0.4	18.2	8.17	7	0.28
2	2014	19	2290750	0.4	15.6	9.46	6	0.28
2	2014	20	2252500	3.2	22.5	8.89	6	0.28
2	2014	21	2288625	6.2	16.2	7.62	5	0.09
2	2014	22	2326875	2.8	22.2	6.95	8	0.09
2	2014	23	2324750	6.4	24.5	6.38	6	0.09
2	2014	24	2316250	6.8	21.5	7.34	5	0.09
2	2014	25	2297125	5.6	18.5	7.86	5	0.09
2	2014	26	2316250	8.4	22.5	7.88	5	0.09
2	2014	27	2271625	4.8	19.5	8.63	5	0.09
2	2014	28	2125000	7.8	14.5	9.23	9	0.09
2	2014	29	2125000	9.8	11.7	7.8	6	0.09
2	2014	30	2152625	8	11.5	7	7	0.09
2	2014	31	2188750	3.4	13.2	7.32	4	0
2	2014	32	2532214	7.4	10.8	8.07	6	0
2	2014	33	2562514	2	14.7	8.06	9	0
2	2014	34	2532214	3.2	11	6.87	22	0
2	2014	35	2660629	2	14.1	6.61	10	0
2	2014	36	2654857	2	17.5	5.66	4	0
2	2014	37	2604357	4.4	14.4	4.84	8	0
2	2014	38	2530771	7.4	12.5	5.7	4	0
2	2014	39	2620229	4	16	7.46	5	0
2	2014	40	2525000	7.6	11	7.06	6	0
2	2014	41	2525000	8.8	11.1	6.98	4	0
2	2014	42	2525000	9	10.7	7.46	5	0
2	2014	43	2525000	8.2	11.4	6.95	3	0
2	2014	44	2525000	8.8	10.5	5.58	8	0
2	2014	45	2533657	7	12	6.41	6	0
2	2014	46	2647643	1	14.8	7.26	7	0
2	2014	47	2649086	2.8	16.5	9.37	5	0
2	2014	48	2543757	9.8	15.7	9.95	6	0
2	2014	49	2525000	6.8	11.1	10.47	4	0
2	2014	50	2535100	6.2	11.9	9.97	5	0
2	2014	51	2548086	5	13.7	7.37	5	0
2	2014	52	2646200	2.8	14.8	6.38	7	0
2	2014	53	2542314	7.6	14	5.54	8	0
2	2014	54	2585600	4.4	15.2	6.53	5	0
2	2014	55	2546643	7.8	13.9	7.09	6	0
2	2014	56	2525000	8	10.6	6.8	6	0
2	2014	57	2563957	7	12.2	7.39	6	0
2	2014	58	2651971	1.6	13.2	7.52	7	0
2	2014	59	2644757	2.4	15	9.55	5	0
2	2014	60	2607243	6	15.5	8.43	5	0
2	2014	61	2983870	7.8	15.7	8.8	7	0
2	2014	62	3045056	8.8	21.4	10.33	10	0
2	2014	63	2954370	7	15.7	8.81	6	0
2	2014	64	2950000	10.4	14.2	6.24	11	0
2	2014	65	2950000	5.4	10.4	7.1	12	0
2	2014	66	2951093	2.2	6.6	6.87	5	0
2	2014	67	3064722	0.2	9.9	7.61	7	0
2	2014	68	2993704	-1.4	14.7	7.91	4	0
2	2014	69	3004630	7.6	18.1	8.37	6	0
2	2014	70	3004630	8.4	18	7.73	5	0
2	2014	71	3055981	6.2	24.2	6.7	5	0
2	2014	72	2980593	12.6	29.4	6.22	4	0
2	2014	73	2983870	13.6	23.2	9.06	9	0
2	2014	74	3049426	7.6	20.4	9.57	5	0
2	2014	75	3036315	7.4	21.2	10.69	5	0
2	2014	76	2977315	10.8	20.5	10.31	3	0
2	2014	77	2957648	10.6	17.2	7.73	8	0
2	2014	78	2950000	7.6	13.8	6.7	7	0
2	2014	79	3070185	2	17.3	6.13	8	0
2	2014	80	2967481	6.2	16.1	8.28	3	0
2	2014	81	3034130	7.2	16.4	8.8	5	0
2	2014	82	3023204	4.5	23.5	9.06	4	0
2	2014	83	3013370	9.8	24.3	9.68	4	0
2	2014	84	2988241	9	17	9.76	4	0
2	2014	85	3066907	3.8	23.2	10.06	8	0
2	2014	86	3057074	8	27.7	10.26	4	0
2	2014	87	3055981	11	23.3	12.19	6	0
2	2014	88	2979500	10	18	10.07	12	0
2	2014	89	2950000	10.4	13	10.22	8	0
2	2014	90	2989333	8	15.2	11.18	6	0
2	2014	91	2981685	7.2	17.4	10.73	4	0
2	2014	92	3539240	8	19	10.06	4	0
2	2014	93	3546600	6.8	18.8	10.63	4	0
2	2014	94	3531880	8.2	20.9	11.14	5	0
2	2014	95	3450000	11.6	17.9	11.6	5	0
2	2014	96	3520840	11.6	22	12.54	4	0
2	2014	97	3547520	10.2	26.5	13.3	6	0
2	2014	98	3541080	9.8	28.4	14.52	4	0
2	2014	99	3546600	11.4	33.2	15.53	4	0
2	2014	100	3471160	15	25.4	13.16	6	0
2	2014	101	3499680	12.6	19.1	14.2	5	0
2	2014	102	3450000	10.6	16.2	14.01	5	0
2	2014	103	3450000	12.2	16	16.2	14	0
2	2014	104	3507960	10.2	18.5	14.67	5	0
2	2014	105	3534640	8.4	20	13.05	6	0
2	2014	106	3460120	13.2	18.2	14.84	8	0
2	2014	107	3458280	12	16.5	16.15	8	0
2	2014	108	3450000	11.8	14.4	16.34	5	0
2	2014	109	3450000	11.8	16.2	15.45	5	0
2	2014	110	3450000	11.8	14.4	16.62	6	0
2	2014	111	3456440	10.6	15.5	17.02	4	0
2	2014	112	3542000	10	19.7	16.59	5	0
2	2014	113	3541080	9.7	21	14.92	5	0
2	2014	114	3450000	11.6	17.2	15.41	5	0
2	2014	115	3549360	7.8	18.1	16.21	4	0
2	2014	116	3562240	7	23.7	14.86	5	0
2	2014	117	3559480	9.6	21.5	14.76	8	0
2	2014	118	3558560	10	23.2	15.2	4	0
2	2014	119	3559480	9.4	25.4	14.38	3	0
2	2014	120	3560400	9.6	26.1	13.72	6	0
2	2014	121	3553960	10	26.4	14.73	10	0
2	2014	122	3938000	11.4	24.4	15.29	9	0
2	2014	123	3929538	11.8	25.6	15.62	6	0
2	2014	124	3950692	14	26	19.54	5	0
2	2014	125	3952385	13.6	26.6	20.67	6	0
2	2014	126	3942231	14	27.6	20.41	6	0
2	2014	127	3951538	14.8	28.4	20.29	4	0
2	2014	128	3930385	15.6	24	19.68	6	0
2	2014	129	3863538	15	21	19.35	7	0
2	2014	130	3887231	13.4	22.6	19.75	5	0
2	2014	131	3943077	13.6	23.5	19.18	6	0
2	2014	132	3883000	16.4	25.6	19.3	5	0
2	2014	133	3899077	18.8	27.9	20.22	6	0
2	2014	134	3928692	16.6	33.2	21.32	6	0
2	2014	135	3936308	19.8	32	19.95	6	0
2	2014	136	3903308	16.8	29	20.01	9	0
2	2014	137	3944769	16.4	27.6	20.36	11	0
2	2014	138	3953231	15	27.4	19.4	7	0
2	2014	139	3935462	14.8	28	18.71	5	0
2	2014	140	3854231	17.4	23.5	20.21	5	0
2	2014	141	3871154	14	21.6	21.63	7	0
2	2014	142	3907538	16.4	25.1	24.31	6	0
2	2014	143	3879615	16.8	25	22.92	6	0
2	2014	144	3956615	13.8	26.8	19.96	6	0
2	2014	145	3954077	15	28.7	17.09	6	0
2	2014	146	3953231	16.2	29.6	16.61	4	0
2	2014	147	3913462	19.4	31	19.94	6	0
2	2014	148	3904154	19.2	28.5	21.41	5	0
2	2014	149	3850846	20.4	24.6	20.23	5	0
2	2014	150	3923615	16.4	26.4	21.05	4	0
2	2014	151	3944769	15.8	28	22.84	4	0
2	2014	152	3930385	17	30	21.78	6	0
2	2014	153	4136228	19	30.2	23.44	4	0
2	2014	154	4175944	17.6	29.8	23.28	4	0
2	2014	155	4145330	18.6	30	22.51	4	0
2	2014	156	4103132	21.3	30	19.63	5	0
2	2014	157	4119680	18.6	29.2	20.5	4	0
2	2014	158	4089893	21.6	28.4	22.88	8	0
2	2014	159	4138711	19.8	28.5	24.19	8	0
2	2014	160	4168497	18	28	24.15	8	0
2	2014	161	4129609	18	29.2	23.99	6	0
2	2014	162	4095685	18.6	26.9	22.92	4	0
2	2014	163	4139538	19.6	29.5	20.8	4	0
2	2014	164	4174289	18.4	31	24.26	4	0
2	2014	165	4177599	20.2	32.5	25.63	7	0
2	2014	166	4176772	20	32	23.78	5	0
2	2014	167	4175944	19.4	32	22.7	5	0
2	2014	168	4174289	21.4	33.3	20.39	5	0
2	2014	169	4150294	23.6	32.2	24.07	5	0
2	2014	170	4166843	18.8	30.6	25.32	4	0
2	2014	171	4157741	18	29.7	21.67	5	0
2	2014	172	4075000	22.2	25.3	19.22	10	0
2	2014	173	4075827	20.2	25.3	21.29	11	0
2	2014	174	4101477	20	28	23.54	6	0
2	2014	175	4113888	21.4	28.6	24.04	5	0
2	2014	176	4170152	20.8	30.4	23.04	3	0
2	2014	177	4170152	19	32	22.67	5	0
2	2014	178	4122990	20.4	30.4	22.82	6	0
2	2014	179	4174289	19	30.5	23.28	7	0
2	2014	180	4180081	18.4	31.5	24.58	6	0
2	2014	181	4173462	19	31.5	25.8	5	0
2	2014	182	4176772	20.6	35.4	26.66	8	0
2	2014	183	4081279	19.4	39	26.02	6	0
2	2014	184	4045295	24.6	31.7	25.7	4	0
2	2014	185	4074584	20	31	26.58	5	0
2	2014	186	4049479	18.8	30.2	28.13	5	0
2	2014	187	4069563	19.5	31.1	28.24	6	0
2	2014	188	4048642	19.6	32	26.27	6	0
2	2014	189	4073747	23.4	32.8	25.38	7	0
2	2014	190	4072074	23.4	32	25.29	6	0
2	2014	191	4076258	20.2	32.6	25.23	5	0
2	2014	192	4077095	19.4	32.5	26.78	4	0
2	2014	193	4071237	20.4	32.8	27.57	5	0
2	2014	194	4034416	23.6	31.5	28.49	5	0
2	2014	195	4067053	21.2	32	27.53	5	0
2	2014	196	4067889	21.8	32.2	25.78	6	0
2	2014	197	4071237	23.2	33	26.03	6	0
2	2014	198	4065379	21.6	33.6	26.46	4	0
2	2014	199	4072911	25.2	33.6	26.82	5	0
2	2014	200	4043621	23.6	33.7	28.04	5	0
2	2014	201	3981695	24.2	28.6	29.01	4	0
2	2014	202	4033579	21.4	31	28.2	4	0
2	2014	203	3977511	23.2	31	27.03	5	0
2	2014	204	4028558	23.8	31.6	27.37	5	0
2	2014	205	3977511	25	31.5	29.68	6	0
2	2014	206	3976674	24.2	31.5	28.89	6	0
2	2014	207	3975000	22.8	27.6	24.71	4	0
2	2014	208	3990063	22.2	30	25.4	5	0
2	2014	209	3975837	23	29.5	25.01	6	0
2	2014	210	3975837	23	27.2	24.53	5	0
2	2014	211	4031905	22	30	24.56	5	0
2	2014	212	3975000	22.6	27.6	24.87	5	0
2	2014	213	4000105	22	29	26.46	5	0
2	2014	214	3638333	22.8	29.4	27.92	5	0
2	2014	215	3685833	22	31.2	28.22	4	0
2	2014	216	3705833	22.1	33	26.61	5	0
2	2014	217	3625833	21	28.8	27.01	5	0
2	2014	218	3625000	21.6	25	26.93	5	0
2	2014	219	3718333	19.8	31.2	25.63	5	0
2	2014	220	3720000	19.5	32.1	27.41	4	0
2	2014	221	3625000	21.2	28.2	26.51	4	0
2	2014	222	3636667	20.4	27.5	25.14	3	0
2	2014	223	3667500	19.8	28.9	27.18	6	0
2	2014	224	3722500	18.6	31	26.9	4	0
2	2014	225	3726667	18	32	28.81	6	0
2	2014	226	3720833	17.6	33	28.93	4	0
2	2014	227	3717500	21.2	33.5	27.99	7	0
2	2014	228	3720000	19.4	33.6	26.28	5	0
2	2014	229	3719167	21	33	27.28	6	0
2	2014	230	3720000	20.4	33.1	27.64	5	0
2	2014	231	3697500	19.2	32.9	28.44	5	0
2	2014	232	3626667	23.8	29.4	29.2	5	0
2	2014	233	3625000	22	28.6	28.66	4	0
2	2014	234	3633333	22.2	28.9	30.51	4	0
2	2014	235	3658333	20.2	30	31	5	0
2	2014	236	3718333	20.2	31.9	28.97	4	0
2	2014	237	3716667	19	33.4	25.62	4	0
2	2014	238	3690000	23	33.2	25.51	5	0
2	2014	239	3686667	23.8	31.6	26.72	3	0
2	2014	240	3679167	23.2	32.4	25.67	5	0
2	2014	241	3711667	21.8	32.7	25.87	4	0
2	2014	242	3677500	23.6	31.6	26.05	5	0
2	2014	243	3675833	23.2	31.6	29.85	5	0
2	2014	244	3678333	23	32.9	29.53	4	0
2	2014	245	3205726	22	33	29.02	5	0
2	2014	246	3254887	22.8	32.2	26.85	3	0
2	2014	247	3230306	22.4	32.8	22.96	5	0
2	2014	248	3270250	23.2	33.4	22.03	6	0
2	2014	249	3175000	20.4	27.8	22.44	3	0
2	2014	250	3229282	20.8	30.9	23.6	4	0
2	2014	251	3182169	24	31	23.16	4	0
2	2014	252	3241573	24.2	32.1	22.8	4	0
2	2014	253	3181145	24.8	30.2	23.69	5	0
2	2014	254	3191387	20.8	26.7	23.81	4	0
2	2014	255	3190363	20.6	26.7	23.28	7	0
2	2014	256	3199581	20.4	29.2	22.18	4	0
2	2014	257	3241573	21.2	29.6	22.29	8	0
2	2014	258	3270250	19.6	31.2	23.78	7	0
2	2014	259	3241573	18.5	30.2	23.11	4	0
2	2014	260	3238500	21.6	31.5	21.38	5	0
2	2014	261	3267177	18.4	31	21.65	6	0
2	2014	262	3268202	16	31.6	22.12	4	0
2	2014	263	3238500	19	30.2	20.82	3	0
2	2014	264	3211871	20.8	31.5	22.44	3	0
2	2014	265	3206750	21.6	30	22.52	4	0
2	2014	266	3207774	22.8	29.8	23.51	5	0
2	2014	267	3240548	20.6	31.7	23.55	7	0
2	2014	268	3227234	20.2	31.3	23.86	8	0
2	2014	269	3250790	18.4	28.8	21.1	8	0
2	2014	270	3270250	19	27.5	19.53	7	0
2	2014	271	3231331	17	27.6	21.81	5	0
2	2014	272	3241573	21.4	28.7	19.68	4	0
2	2014	273	3271274	17.4	28.6	19.47	4	0
2	2014	274	3278444	17	28.8	18.69	3	0
2	2014	275	2821814	17	29.2	18.29	3	0
2	2014	276	2819302	15.6	38.8	15.32	3	0
2	2014	277	2813023	19	33.6	16.75	4	0
2	2014	278	2746465	21.2	25.4	18.91	8	0
2	2014	279	2700000	18.8	22.7	21.14	5	0
2	2014	280	2700000	16.4	19.3	22.72	5	0
2	2014	281	2700000	15	18.2	22.51	4	0
2	2014	282	2700000	14.4	16.8	20.46	15	0
2	2014	283	2810512	14.4	21.7	18.81	10	0
2	2014	284	2802977	12.2	23.1	23.4	4	0
2	2014	285	2780372	13	23	23.2	4	0
2	2014	286	2765302	13	23.4	20.01	8	0
2	2014	287	2700000	15	20.7	20.03	9	0
2	2014	288	2721349	16.9	22.7	15.93	7	0
2	2014	289	2834372	12.6	23.9	16.07	5	0
2	2014	290	2826837	12.6	30.4	16.94	4	0
2	2014	291	2824326	14.4	31.4	16.73	4	0
2	2014	292	2815535	15.8	40.4	16.42	5	0
2	2014	293	2813023	19.6	32.8	17.39	5	0
2	2014	294	2700000	13.6	20	16.77	4	0
2	2014	295	2831860	10.4	20.2	16.02	4	0
2	2014	296	2826837	10.5	22	16.13	4	0
2	2014	297	2786651	12.6	20.5	16.98	3	0
2	2014	298	2811767	11.4	17.2	18.65	6	0
2	2014	299	2727628	6.6	17.8	17.04	3	0
2	2014	300	2726372	11.4	18.4	17.2	3	0
2	2014	301	2762791	13.4	18.2	19.58	8	0
2	2014	302	2821814	9.4	21.4	18.58	6	0
2	2014	303	2820558	8.8	20.6	17.24	5	0
2	2014	304	2568548	7.8	21.9	15.99	2	0
2	2014	305	2495161	8.6	21.5	15.37	4	0
2	2014	306	2351323	11.2	20.4	16.13	4	0
2	2014	307	2289677	13.2	17.7	16.93	6	0
2	2014	308	2351323	13.2	19.6	16.87	5	0
2	2014	309	2559742	8.8	21.6	15.5	6	0
2	2014	310	2559742	6.2	22.2	16.55	4	0
2	2014	311	2562677	7.2	22	16.22	3	0
2	2014	312	2448194	7.6	26.5	16.07	6	0
2	2014	313	2275000	15	18.9	15.99	5	0
2	2014	314	2398290	14.6	18.6	15.96	4	0
2	2014	315	2319032	12.4	19.6	15.32	6	0
2	2014	316	2363065	14.4	21	19.2	3	0
2	2014	317	2327839	14.4	20.5	16.42	5	0
2	2014	318	2275000	13.6	17	15.34	6	0
2	2014	319	2553871	9.2	20.5	14.57	4	0
2	2014	320	2401226	10.4	19.1	14.18	5	0
2	2014	321	2462871	12	18.2	11.69	7	0
2	2014	322	2383613	9.8	19.2	11.3	6	0
2	2014	323	2289677	9.6	17.3	11.89	13	0
2	2014	324	2275000	10.4	14	11.86	6	0
2	2014	325	2275000	10.4	12.7	13.58	5	0
2	2014	326	2275000	9.8	12.2	13.56	8	0
2	2014	327	2342516	10.2	15	12.68	8	0
2	2014	328	2471677	10	16.9	11.66	3	0
2	2014	329	2542129	5.4	18.2	11.62	3	0
2	2014	330	2545065	5.8	22	11.22	4	0
2	2014	331	2545065	8.6	23.8	11.64	5	0
2	2014	332	2316097	12.4	20.4	13.18	21	0
2	2014	333	2412968	13.4	18	11.74	12	0
2	2014	334	2448194	11.4	29.2	9.61	4	0
2	2014	335	2166171	11.4	16.2	11.33	5	0
2	2014	336	2212457	4.8	16.8	11.59	4	0
2	2014	337	2187000	8.4	27	10.65	6	0
2	2014	338	2025000	5.6	16	9.88	3	0
2	2014	339	2119886	1.2	9.2	10.38	9	0
2	2014	340	2078229	3.6	12.74	10.57	6	0
2	2014	341	2226343	4.8	15.1	13.34	4	0
2	2014	342	2230971	3.8	20.6	12.21	3	0
2	2014	343	2036571	6.6	13.5	11.08	7	0
2	2014	344	2062029	4.8	11.6	13.86	7	0
2	2014	345	2221714	-0.2	12	12.98	8	0
2	2014	346	2108314	0.4	12.4	11.67	6	0.12
2	2014	347	2025000	7.8	10.5	12.49	5	0.12
2	2014	348	2025000	5.2	11.4	11.58	3	0.12
2	2014	349	2147657	8	14	11.11	6	0.12
2	2014	350	2094429	3	9	8.8	7	0.12
2	2014	351	2203200	2.2	9.1	7.33	3	0.12
2	2014	352	2221714	3	11.4	7.79	5	0.12
2	2014	353	2198571	0.4	12.4	7.88	3	0.12
2	2014	354	2031943	3.6	11.4	8.46	3	0.12
2	2014	355	2115257	6.4	9.9	9.79	4	0.12
2	2014	356	2224029	-0.6	11.8	10.67	4	0.23
2	2014	357	2191629	3	13.6	11.95	5	0.23
2	2014	358	2221714	0.6	13	10.37	10	0.23
2	2014	359	2210143	0.8	13.8	10.07	4	0.23
2	2014	360	2221714	1.2	13	9.74	4	0.23
2	2014	361	2230971	-0.2	11.8	8.08	6	0.23
2	2014	362	2210143	-0.4	12.4	7.15	5	0.23
2	2014	363	2214771	-0.6	11.4	6.52	9	0.23
2	2014	364	2210143	-1.2	12.3	6.79	4	0.23
2	2014	365	2078229	-1	11.6	7.76	4	0.23
