0.0
0.0
0.0
0.0
0.0
0.0
0.0
0.0
0.0
0.0
0.0
0.0
0.0
0.0
0.0
0.0
0.0
0.0
0.0
0.0
0.0
0.0
0.0
0.0
0.0
0.0
0.0
0.0
0.0
0.0
0.0
0.0
0.0
0.0
0.0
0.0
0.0
0.0
0.0
0.0
0.0
0.0
0.0
0.0
0.0
0.0
0.0
0.0
0.0
0.0
0.0
0.0
0.0
0.0
0.0
0.0
0.0
0.0
0.0
0.0
0.0
0.0
0.0
0.0
0.0
0.0
0.0
0.0
0.0
0.0
0.0
0.0
0.0
0.0
0.0
0.0
0.0
0.0
0.0
0.0
0.0
0.0
0.0
0.0
0.0
0.0
0.0
0.0
0.0
0.0
0.0
0.0
0.0
0.0
0.0
0.0
0.0
0.0
0.0
0.0
0.0
0.0
0.0
0.0
0.0
0.0
0.0
0.0
0.0
0.0
0.0
0.0
0.0
0.0
0.0
0.0
0.0
0.0
0.0
0.0
0.0
0.0
0.0
0.0
0.0
0.0
0.0
0.0
0.0
0.0
0.0
0.0
0.0
0.0
0.0
0.0
0.0
0.0
0.0
0.0016212354990000001
0.0016212354990000001
0.0016212354990000001
0.0016212354990000001
0.0016212354990000001
0.0016212354990000001
0.0016212354990000001
0.0016212354990000001
0.0016212354990000001
0.0016212354990000001
0.007274774675000001
0.007274774675000001
0.007274774675000001
0.007274774675000001
0.007274774675000001
0.007274774675000001
0.007274774675000001
0.007274774675000001
0.007274774675000001
0.007274774675000001
0.007981467072
0.007981467072
0.007981467072
0.007981467072
0.007981467072
0.007981467072
0.007981467072
0.007981467072
0.007981467072
0.007981467072
0.007939896931
0.007939896931
0.007939896931
0.007939896931
0.007939896931
0.007939896931
0.007939896931
0.007939896931
0.007939896931
0.007939896931
0.002826769588
0.002826769588
0.002826769588
0.002826769588
0.002826769588
0.002826769588
0.002826769588
0.002826769588
0.002826769588
0.002826769588
0.00033256112799999997
0.00033256112799999997
0.00033256112799999997
0.00033256112799999997
0.00033256112799999997
0.00033256112799999997
0.00033256112799999997
0.00033256112799999997
0.00033256112799999997
0.00033256112799999997
0.004448005087000001
0.004448005087000001
0.004448005087000001
0.004448005087000001
0.004448005087000001
0.004448005087000001
0.004448005087000001
0.004448005087000001
0.004448005087000001
0.004448005087000001
0.010101544263
0.010101544263
0.010101544263
0.010101544263
0.010101544263
0.010101544263
0.010101544263
0.010101544263
0.010101544263
0.010101544263
0.011473358915999998
0.011473358915999998
0.011473358915999998
0.011473358915999998
0.011473358915999998
0.011473358915999998
0.011473358915999998
0.011473358915999998
0.011473358915999998
0.011473358915999998
0.011889060325999998
0.011889060325999998
0.011889060325999998
0.011889060325999998
0.011889060325999998
0.011889060325999998
0.011889060325999998
0.011889060325999998
0.011889060325999998
0.011889060325999998
0.005362548189
0.005362548189
0.005362548189
0.005362548189
0.005362548189
0.005362548189
0.005362548189
0.005362548189
0.005362548189
0.005362548189
0.002203217473
0.002203217473
0.002203217473
0.002203217473
0.002203217473
0.002203217473
0.002203217473
0.002203217473
0.002203217473
0.002203217473
0.0032009008570000005
0.0032009008570000005
0.0032009008570000005
0.0032009008570000005
0.0032009008570000005
0.0032009008570000005
0.0032009008570000005
0.0032009008570000005
0.0032009008570000005
0.0032009008570000005
0.005196267625
0.005196267625
0.005196267625
0.005196267625
0.005196267625
0.005196267625
0.005196267625
0.005196267625
0.005196267625
0.005196267625
0.005944530162999999
0.005944530162999999
0.005944530162999999
0.005944530162999999
0.005944530162999999
0.005944530162999999
0.005944530162999999
0.005944530162999999
0.005944530162999999
0.005944530162999999
0.003491891844
0.003491891844
0.003491891844
0.003491891844
0.003491891844
0.003491891844
0.003491891844
0.003491891844
0.003491891844
0.003491891844
0.0
0.0
0.0
0.0
0.0
0.0
0.0
0.0
0.0
0.0
0.0
0.0
0.0
0.0
0.0
0.0
0.0
0.0
0.0
0.0
0.0
0.0
0.0
0.0
0.0
0.0
0.0
0.0
0.0
0.0
0.0
0.0
0.0
0.0
0.0
0.0
0.0
0.0
0.0
0.0
0.0
0.0
0.0
0.0
0.0
0.0
0.0
0.0
0.0
0.0
0.0
0.0
0.0
0.0
0.0
0.0
0.0
0.0
0.0
0.0
0.0
0.0
0.0
0.0
0.0
0.0
