0.00027344262400000004
0.00027344262400000004
0.00027344262400000004
0.00027344262400000004
0.00027344262400000004
0.00027344262400000004
0.00027344262400000004
0.00027344262400000004
0.00027344262400000004
0.00027344262400000004
0.0004443442640000001
0.0004443442640000001
0.0004443442640000001
0.0004443442640000001
0.0004443442640000001
0.0004443442640000001
0.0004443442640000001
0.0004443442640000001
0.0004443442640000001
0.0004443442640000001
0.00018799180400000002
0.00018799180400000002
0.00018799180400000002
0.00018799180400000002
0.00018799180400000002
0.00018799180400000002
0.00018799180400000002
0.00018799180400000002
0.00018799180400000002
0.00018799180400000002
0.0
0.0
0.0
0.0
0.0
0.0
0.0
0.0
0.0
0.0
0.0
0.0
0.0
0.0
0.0
0.0
0.0
0.0
0.0
0.0
0.0
0.0
0.0
0.0
0.0
0.0
0.0
0.0
0.0
0.0
6.836065600000001e-05
6.836065600000001e-05
6.836065600000001e-05
6.836065600000001e-05
6.836065600000001e-05
6.836065600000001e-05
6.836065600000001e-05
6.836065600000001e-05
6.836065600000001e-05
6.836065600000001e-05
0.0
0.0
0.0
0.0
0.0
0.0
0.0
0.0
0.0
0.0
0.0
0.0
0.0
0.0
0.0
0.0
0.0
0.0
0.0
0.0
0.0
0.0
0.0
0.0
0.0
0.0
0.0
0.0
0.0
0.0
0.0
0.0
0.0
0.0
0.0
0.0
0.0
0.0
0.0
0.0
0.0
0.0
0.0
0.0
0.0
0.0
0.0
0.0
0.0
0.0
0.0
0.0
0.0
0.0
0.0
0.0
0.0
0.0
0.0
0.0
0.0
0.0
0.0
0.0
0.0
0.0
0.0
0.0
0.0
0.0
0.0
0.0
0.0
0.0
0.0
0.0
0.0
0.0
0.0
0.0
0.0
0.0
0.0
0.0
0.0
0.0
0.0
0.0
0.0
0.0
0.0
0.0
0.0
0.0
0.0
0.0
0.0
0.0
0.0
0.0
0.0
0.0
0.0
0.0
0.0
0.0
0.0
0.0
0.0
0.0
0.0
0.0
0.0
0.0
0.0
0.0
0.0
0.0
0.0
0.0
0.0
0.0
0.0
0.0
0.0
0.0
0.0
0.0
0.0
0.0
0.0
0.0
0.0
0.0
0.0
0.0
0.0
0.0
0.0
0.0
0.0
0.0
0.0
0.0
0.0
0.0
0.0
0.0
0.0
0.0
0.0
0.0
0.0
0.0
0.0
0.0
0.0
0.0
0.0
0.0
0.0
0.0
0.0
0.0
0.0
0.0
0.0
0.0
0.0
0.0
0.0
0.0
0.0
0.0
0.0
0.0
0.0
0.0
0.0
0.0
0.0
0.0
0.0
0.0
0.0
0.0
0.0
0.0
0.0
0.0
0.0
0.0
0.0
0.0
0.0
0.0
0.0
0.0
0.0
0.0
0.0
0.0
0.0
0.0
0.0
0.0
0.0
0.0
0.0
0.0
0.0
0.0
0.0
0.0
0.0
0.0
0.0
0.0
0.0
0.0
0.0
0.0
0.0
0.0
0.0
0.0
0.0
0.0
0.0
0.0
0.0
0.0
0.0
0.0
0.0
0.0
0.0
0.0
0.0
0.0
0.0
0.0
0.0
0.0
0.0
0.0
0.0
0.0
0.0
0.0
0.0
0.0
0.0
0.0
0.0
0.0
0.0
0.0
0.0
0.0
0.0
0.0
0.0
0.0
0.0
0.0
0.0
0.0
0.0
0.0
0.0
0.0
0.0
0.0
0.0
3.4180328000000005e-05
3.4180328000000005e-05
3.4180328000000005e-05
3.4180328000000005e-05
3.4180328000000005e-05
3.4180328000000005e-05
3.4180328000000005e-05
3.4180328000000005e-05
3.4180328000000005e-05
3.4180328000000005e-05
0.0003418032800000001
0.0003418032800000001
0.0003418032800000001
0.0003418032800000001
0.0003418032800000001
0.0003418032800000001
0.0003418032800000001
0.0003418032800000001
0.0003418032800000001
0.0003418032800000001
