0.0
0.0
0.0
0.0
0.0
0.0
0.0
0.0
0.0
0.0
0.0
0.0
0.0
0.0
0.0
0.0
0.0
0.0
0.0
0.0
0.0
0.0
0.0
0.0
0.0
0.0
0.0
0.0
0.0
0.0
0.0
0.0
0.0
0.0
0.0
0.0
0.0
0.0
0.0
0.0
0.0
0.0
0.0
0.0
0.0
0.0
0.0
0.0
0.0
0.0
0.0
0.0
0.0
0.0
0.0
0.0
0.0
0.0
0.0
0.0
0.0
0.0
0.0
0.0
0.0
0.0
0.0
0.0
0.0
0.0
0.0
0.0
0.0
0.0
0.0
0.0
0.0
0.0
0.0
0.0
0.0
0.0
0.0
0.0
0.0
0.0
0.0
0.0
0.0
0.0
0.0
0.0
0.0
0.0
0.0
0.0
0.0
0.0
0.0
0.0
0.0
0.0
0.0
0.0
0.0
0.0
0.0
0.0
0.0
0.0
0.0
0.0
0.0
0.0
0.0
0.0
0.0
0.0
0.0
0.0
0.0
0.0
0.0
0.0
0.0
0.0
0.0
0.0
0.0
0.0
0.0
0.0
0.0
0.0
0.0
0.0
0.0
0.0
0.0
0.00019545360900000003
0.00019545360900000003
0.00019545360900000003
0.00019545360900000003
0.00019545360900000003
0.00019545360900000003
0.00019545360900000003
0.00019545360900000003
0.00019545360900000003
0.00019545360900000003
0.0008770354250000001
0.0008770354250000001
0.0008770354250000001
0.0008770354250000001
0.0008770354250000001
0.0008770354250000001
0.0008770354250000001
0.0008770354250000001
0.0008770354250000001
0.0008770354250000001
0.000962233152
0.000962233152
0.000962233152
0.000962233152
0.000962233152
0.000962233152
0.000962233152
0.000962233152
0.000962233152
0.000962233152
0.000957221521
0.000957221521
0.000957221521
0.000957221521
0.000957221521
0.000957221521
0.000957221521
0.000957221521
0.000957221521
0.000957221521
0.000340790908
0.000340790908
0.000340790908
0.000340790908
0.000340790908
0.000340790908
0.000340790908
0.000340790908
0.000340790908
0.000340790908
4.0093048e-05
4.0093048e-05
4.0093048e-05
4.0093048e-05
4.0093048e-05
4.0093048e-05
4.0093048e-05
4.0093048e-05
4.0093048e-05
4.0093048e-05
0.0005362445170000001
0.0005362445170000001
0.0005362445170000001
0.0005362445170000001
0.0005362445170000001
0.0005362445170000001
0.0005362445170000001
0.0005362445170000001
0.0005362445170000001
0.0005362445170000001
0.0012178263330000002
0.0012178263330000002
0.0012178263330000002
0.0012178263330000002
0.0012178263330000002
0.0012178263330000002
0.0012178263330000002
0.0012178263330000002
0.0012178263330000002
0.0012178263330000002
0.0013832101559999998
0.0013832101559999998
0.0013832101559999998
0.0013832101559999998
0.0013832101559999998
0.0013832101559999998
0.0013832101559999998
0.0013832101559999998
0.0013832101559999998
0.0013832101559999998
0.0014333264659999998
0.0014333264659999998
0.0014333264659999998
0.0014333264659999998
0.0014333264659999998
0.0014333264659999998
0.0014333264659999998
0.0014333264659999998
0.0014333264659999998
0.0014333264659999998
0.000646500399
0.000646500399
0.000646500399
0.000646500399
0.000646500399
0.000646500399
0.000646500399
0.000646500399
0.000646500399
0.000646500399
0.000265616443
0.000265616443
0.000265616443
0.000265616443
0.000265616443
0.000265616443
0.000265616443
0.000265616443
0.000265616443
0.000265616443
0.00038589558700000007
0.00038589558700000007
0.00038589558700000007
0.00038589558700000007
0.00038589558700000007
0.00038589558700000007
0.00038589558700000007
0.00038589558700000007
0.00038589558700000007
0.00038589558700000007
0.000626453875
0.000626453875
0.000626453875
0.000626453875
0.000626453875
0.000626453875
0.000626453875
0.000626453875
0.000626453875
0.000626453875
0.0007166632329999999
0.0007166632329999999
0.0007166632329999999
0.0007166632329999999
0.0007166632329999999
0.0007166632329999999
0.0007166632329999999
0.0007166632329999999
0.0007166632329999999
0.0007166632329999999
0.00042097700400000004
0.00042097700400000004
0.00042097700400000004
0.00042097700400000004
0.00042097700400000004
0.00042097700400000004
0.00042097700400000004
0.00042097700400000004
0.00042097700400000004
0.00042097700400000004
0.0
0.0
0.0
0.0
0.0
0.0
0.0
0.0
0.0
0.0
0.0
0.0
0.0
0.0
0.0
0.0
0.0
0.0
0.0
0.0
0.0
0.0
0.0
0.0
0.0
0.0
0.0
0.0
0.0
0.0
0.0
0.0
0.0
0.0
0.0
0.0
0.0
0.0
0.0
0.0
0.0
0.0
0.0
0.0
0.0
0.0
0.0
0.0
0.0
0.0
0.0
0.0
0.0
0.0
0.0
0.0
0.0
0.0
0.0
0.0
0.0
0.0
0.0
0.0
0.0
0.0
