0.0
0.0
0.0
0.0
0.0
0.0
0.0
0.0
0.0
0.0
0.0
0.0
0.0
0.0
0.0
0.0
0.0
0.0
0.0
0.0
0.0
0.0
0.0
0.0
0.0
0.0
0.0
0.0
0.0
0.0
0.0
0.0
0.0
0.0
0.0
0.0
0.0
0.0
0.0
0.0
0.0
0.0
0.0
0.0
0.0
0.0
0.0
0.0
0.0
0.0
0.0
0.0
0.0
0.0
0.0
0.0
0.0
0.0
0.0
0.0
0.0
0.0
0.0
0.0
0.0
0.0
0.0
0.0
0.0
0.0
0.0
0.0
0.0
0.0
0.0
0.0
0.0
0.0
0.0
0.0
0.0
0.0
0.0
0.0
0.0
0.0
0.0
0.0
0.0
0.0
9.43074e-05
9.43074e-05
9.43074e-05
9.43074e-05
9.43074e-05
9.43074e-05
9.43074e-05
9.43074e-05
9.43074e-05
9.43074e-05
0.00010573860000000001
0.00010573860000000001
0.00010573860000000001
0.00010573860000000001
0.00010573860000000001
0.00010573860000000001
0.00010573860000000001
0.00010573860000000001
0.00010573860000000001
0.00010573860000000001
0.0001219328
0.0001219328
0.0001219328
0.0001219328
0.0001219328
0.0001219328
0.0001219328
0.0001219328
0.0001219328
0.0001219328
0.000138127
0.000138127
0.000138127
0.000138127
0.000138127
0.000138127
0.000138127
0.000138127
0.000138127
0.000138127
0.00015432120000000003
0.00015432120000000003
0.00015432120000000003
0.00015432120000000003
0.00015432120000000003
0.00015432120000000003
0.00015432120000000003
0.00015432120000000003
0.00015432120000000003
0.00015432120000000003
0.0001886148
0.0001886148
0.0001886148
0.0001886148
0.0001886148
0.0001886148
0.0001886148
0.0001886148
0.0001886148
0.0001886148
0.00019147259999999997
0.00019147259999999997
0.00019147259999999997
0.00019147259999999997
0.00019147259999999997
0.00019147259999999997
0.00019147259999999997
0.00019147259999999997
0.00019147259999999997
0.00019147259999999997
0.00021052459999999998
0.00021052459999999998
0.00021052459999999998
0.00021052459999999998
0.00021052459999999998
0.00021052459999999998
0.00021052459999999998
0.00021052459999999998
0.00021052459999999998
0.00021052459999999998
0.00021052459999999998
0.00021052459999999998
0.00021052459999999998
0.00021052459999999998
0.00021052459999999998
0.00021052459999999998
0.00021052459999999998
0.00021052459999999998
0.00021052459999999998
0.00021052459999999998
9.24022e-05
9.24022e-05
9.24022e-05
9.24022e-05
9.24022e-05
9.24022e-05
9.24022e-05
9.24022e-05
9.24022e-05
9.24022e-05
3.8104000000000007e-05
3.8104000000000007e-05
3.8104000000000007e-05
3.8104000000000007e-05
3.8104000000000007e-05
3.8104000000000007e-05
3.8104000000000007e-05
3.8104000000000007e-05
3.8104000000000007e-05
3.8104000000000007e-05
0.00014574780000000003
0.00014574780000000003
0.00014574780000000003
0.00014574780000000003
0.00014574780000000003
0.00014574780000000003
0.00014574780000000003
0.00014574780000000003
0.00014574780000000003
0.00014574780000000003
0.0002533916
0.0002533916
0.0002533916
0.0002533916
0.0002533916
0.0002533916
0.0002533916
0.0002533916
0.0002533916
0.0002533916
0.0002657754
0.0002657754
0.0002657754
0.0002657754
0.0002657754
0.0002657754
0.0002657754
0.0002657754
0.0002657754
0.0002657754
0.0002552968
0.0002552968
0.0002552968
0.0002552968
0.0002552968
0.0002552968
0.0002552968
0.0002552968
0.0002552968
0.0002552968
9.43074e-05
9.43074e-05
9.43074e-05
9.43074e-05
9.43074e-05
9.43074e-05
9.43074e-05
9.43074e-05
9.43074e-05
9.43074e-05
1.3336400000000002e-05
1.3336400000000002e-05
1.3336400000000002e-05
1.3336400000000002e-05
1.3336400000000002e-05
1.3336400000000002e-05
1.3336400000000002e-05
1.3336400000000002e-05
1.3336400000000002e-05
1.3336400000000002e-05
2.7625399999999998e-05
2.7625399999999998e-05
2.7625399999999998e-05
2.7625399999999998e-05
2.7625399999999998e-05
2.7625399999999998e-05
2.7625399999999998e-05
2.7625399999999998e-05
2.7625399999999998e-05
2.7625399999999998e-05
6.763459999999998e-05
6.763459999999998e-05
6.763459999999998e-05
6.763459999999998e-05
6.763459999999998e-05
6.763459999999998e-05
6.763459999999998e-05
6.763459999999998e-05
6.763459999999998e-05
6.763459999999998e-05
8.19236e-05
8.19236e-05
8.19236e-05
8.19236e-05
8.19236e-05
8.19236e-05
8.19236e-05
8.19236e-05
8.19236e-05
8.19236e-05
2.00046e-05
2.00046e-05
2.00046e-05
2.00046e-05
2.00046e-05
2.00046e-05
2.00046e-05
2.00046e-05
2.00046e-05
2.00046e-05
2.00046e-05
0.0
0.0
0.0
0.0
0.0
0.0
0.0
0.0
0.0
0.0
0.0
0.0
0.0
0.0
0.0
0.0
0.0
0.0
0.0
0.0
0.0
0.0
0.0
0.0
0.0
0.0
0.0
0.0
0.0
0.0
0.0
0.0
0.0
0.0
0.0
0.0
0.0
0.0
0.0
0.0
0.0
0.0
0.0
0.0
0.0
0.0
0.0
0.0
0.0
0.0
0.0
0.0
0.0
0.0
0.0
0.0
0.0
0.0
0.0
0.0
0.0
0.0
0.0
0.0
