0.0
0.0
0.0
0.0
0.0
0.0
0.0
0.0
0.0
0.0
0.0
0.0
0.0
0.0
0.0
0.0
0.0
0.0
0.0
0.0
0.0
0.0
0.0
0.0
0.0
0.0
0.0
0.0
0.0
0.0
0.0
0.0
0.0
0.0
0.0
0.0
0.0
0.0
0.0
0.0
0.0
0.0
0.0
0.0
0.0
0.0
0.0
0.0
0.0
0.0
0.0
0.0
0.0
0.0
0.0
0.0
0.0
0.0
0.0
0.0
0.0
0.0
0.0
0.0
0.0
0.0
0.0
0.0
0.0
0.0
0.0
0.0
0.0
0.0
0.0
0.0
0.0
0.0
0.0
0.0
0.0
0.0
0.0
0.0
0.0
0.0
0.0
0.0
0.0
0.0
0.0
0.0
0.0
0.0
0.0
0.0
0.0
0.0
0.0
0.0
0.0
0.0
0.0
0.0
0.0
0.0
0.0
0.0
0.0
0.0
0.0052705770576
0.0052705770576
0.0052705770576
0.0052705770576
0.0052705770576
0.0052705770576
0.0052705770576
0.0052705770576
0.0052705770576
0.0052705770576
0.16053299287939998
0.16053299287939998
0.16053299287939998
0.16053299287939998
0.16053299287939998
0.16053299287939998
0.16053299287939998
0.16053299287939998
0.16053299287939998
0.16053299287939998
0.41110501049279996
0.41110501049279996
0.41110501049279996
0.41110501049279996
0.41110501049279996
0.41110501049279996
0.41110501049279996
0.41110501049279996
0.41110501049279996
0.41110501049279996
0.09157627637580001
0.09157627637580001
0.09157627637580001
0.09157627637580001
0.09157627637580001
0.09157627637580001
0.09157627637580001
0.09157627637580001
0.09157627637580001
0.09157627637580001
0.0937723501498
0.0937723501498
0.0937723501498
0.0937723501498
0.0937723501498
0.0937723501498
0.0937723501498
0.0937723501498
0.0937723501498
0.0937723501498
0.10321546737800001
0.10321546737800001
0.10321546737800001
0.10321546737800001
0.10321546737800001
0.10321546737800001
0.10321546737800001
0.10321546737800001
0.10321546737800001
0.10321546737800001
0.10343507475540001
0.10343507475540001
0.10343507475540001
0.10343507475540001
0.10343507475540001
0.10343507475540001
0.10343507475540001
0.10343507475540001
0.10343507475540001
0.10343507475540001
0.07642336733520001
0.07642336733520001
0.07642336733520001
0.07642336733520001
0.07642336733520001
0.07642336733520001
0.07642336733520001
0.07642336733520001
0.07642336733520001
0.07642336733520001
0.0641253542008
0.0641253542008
0.0641253542008
0.0641253542008
0.0641253542008
0.0641253542008
0.0641253542008
0.0641253542008
0.0641253542008
0.0641253542008
0.09201549113060001
0.09201549113060001
0.09201549113060001
0.09201549113060001
0.09201549113060001
0.09201549113060001
0.09201549113060001
0.09201549113060001
0.09201549113060001
0.09201549113060001
0.11485465838020001
0.11485465838020001
0.11485465838020001
0.11485465838020001
0.11485465838020001
0.11485465838020001
0.11485465838020001
0.11485465838020001
0.11485465838020001
0.11485465838020001
0.1201252354378
0.1201252354378
0.1201252354378
0.1201252354378
0.1201252354378
0.1201252354378
0.1201252354378
0.1201252354378
0.1201252354378
0.1201252354378
0.1126585846062
0.1126585846062
0.1126585846062
0.1126585846062
0.1126585846062
0.1126585846062
0.1126585846062
0.1126585846062
0.1126585846062
0.1126585846062
0.0586351697658
0.0586351697658
0.0586351697658
0.0586351697658
0.0586351697658
0.0586351697658
0.0586351697658
0.0586351697658
0.0586351697658
0.0586351697658
0.024596026268800003
0.024596026268800003
0.024596026268800003
0.024596026268800003
0.024596026268800003
0.024596026268800003
0.024596026268800003
0.024596026268800003
0.024596026268800003
0.024596026268800003
0.0
0.0
0.0
0.0
0.0
0.0
0.0
0.0
0.0
0.0
0.0
0.0
0.0
0.0
0.0
0.0
0.0
0.0
0.0
0.0
0.0
0.0
0.0
0.0
0.0
0.0
0.0
0.0
0.0
0.0
0.0
0.0
0.0
0.0
0.0
0.0
0.0
0.0
0.0
0.0
0.0
0.0
0.0
0.0
0.0
0.0
0.0
0.0
0.0
0.0
0.0
0.0
0.0
0.0
0.0
0.0
0.0
0.0
0.0
0.0
0.0
0.0
0.0
0.0
0.0
0.0
0.0
0.0
0.0
0.0
0.0
0.0
0.0
0.0
0.0
0.0
0.0
0.0
0.0
0.0
0.0
0.0
0.0
0.0
0.0
0.0
0.0
0.0
0.0
0.0
0.0
0.0
0.0
0.0
0.0
0.0
0.0
0.0
0.0
0.0
0.0
0.0
0.0
0.0
0.0
