0.0
0.0
0.0
0.0
0.0
0.0
0.0
0.0
0.0
0.0
0.0
0.0
0.0
0.0
0.0
0.0
0.0
0.0
0.0
0.0
0.0
0.0
0.0
0.0
0.0
0.0
0.0
0.0
0.0
0.0
0.0
0.0
0.0
0.0
0.0
0.0
0.0
0.0
0.0
0.0
0.0
0.0
0.0
0.0
0.0
0.0
0.0
0.0
0.0
0.0
0.0
0.0
0.0
0.0
0.0
0.0
0.0
0.0
0.0
0.0
0.0
0.0
0.0
0.0
0.0
0.0
0.0
0.0
0.0
0.0
0.0
0.0
0.0
0.0
0.0
0.0
0.0
0.0
0.0
0.0
0.0
0.0
0.0
0.0
0.0
0.0
0.0
0.0
0.0
0.0
0.0
0.0
0.0
0.0
0.0
0.0
0.0
0.0
0.0
0.0
0.0
0.0
0.0
0.0
0.0
0.0
0.0
0.0
0.0
0.0
0.0
0.0
0.0
0.0
0.0
0.0
0.0
0.0
0.0
0.0
0.0
0.0
0.0
0.0
0.0
0.0
0.0
0.0
0.0
0.0
0.0
0.0
0.0
0.0
0.0
0.0
0.0
0.0
0.0
0.0010735744464900002
0.0010735744464900002
0.0010735744464900002
0.0010735744464900002
0.0010735744464900002
0.0010735744464900002
0.0010735744464900002
0.0010735744464900002
0.0010735744464900002
0.0010735744464900002
0.004817321234250001
0.004817321234250001
0.004817321234250001
0.004817321234250001
0.004817321234250001
0.004817321234250001
0.004817321234250001
0.004817321234250001
0.004817321234250001
0.004817321234250001
0.00528528958272
0.00528528958272
0.00528528958272
0.00528528958272
0.00528528958272
0.00528528958272
0.00528528958272
0.00528528958272
0.00528528958272
0.00528528958272
0.00525776203281
0.00525776203281
0.00525776203281
0.00525776203281
0.00525776203281
0.00525776203281
0.00525776203281
0.00525776203281
0.00525776203281
0.00525776203281
0.0018718733938800003
0.0018718733938800003
0.0018718733938800003
0.0018718733938800003
0.0018718733938800003
0.0018718733938800003
0.0018718733938800003
0.0018718733938800003
0.0018718733938800003
0.0018718733938800003
0.00022022039928000002
0.00022022039928000002
0.00022022039928000002
0.00022022039928000002
0.00022022039928000002
0.00022022039928000002
0.00022022039928000002
0.00022022039928000002
0.00022022039928000002
0.00022022039928000002
0.0029454478403700005
0.0029454478403700005
0.0029454478403700005
0.0029454478403700005
0.0029454478403700005
0.0029454478403700005
0.0029454478403700005
0.0029454478403700005
0.0029454478403700005
0.0029454478403700005
0.006689194628130001
0.006689194628130001
0.006689194628130001
0.006689194628130001
0.006689194628130001
0.006689194628130001
0.006689194628130001
0.006689194628130001
0.006689194628130001
0.006689194628130001
0.007597603775159999
0.007597603775159999
0.007597603775159999
0.007597603775159999
0.007597603775159999
0.007597603775159999
0.007597603775159999
0.007597603775159999
0.007597603775159999
0.007597603775159999
0.00787287927426
0.00787287927426
0.00787287927426
0.00787287927426
0.00787287927426
0.00787287927426
0.00787287927426
0.00787287927426
0.00787287927426
0.00787287927426
0.00355105393839
0.00355105393839
0.00355105393839
0.00355105393839
0.00355105393839
0.00355105393839
0.00355105393839
0.00355105393839
0.00355105393839
0.00355105393839
0.0014589601452300001
0.0014589601452300001
0.0014589601452300001
0.0014589601452300001
0.0014589601452300001
0.0014589601452300001
0.0014589601452300001
0.0014589601452300001
0.0014589601452300001
0.0014589601452300001
0.0021196213430700003
0.0021196213430700003
0.0021196213430700003
0.0021196213430700003
0.0021196213430700003
0.0021196213430700003
0.0021196213430700003
0.0021196213430700003
0.0021196213430700003
0.0021196213430700003
0.00344094373875
0.00344094373875
0.00344094373875
0.00344094373875
0.00344094373875
0.00344094373875
0.00344094373875
0.00344094373875
0.00344094373875
0.00344094373875
0.00393643963713
0.00393643963713
0.00393643963713
0.00393643963713
0.00393643963713
0.00393643963713
0.00393643963713
0.00393643963713
0.00393643963713
0.00393643963713
0.0023123141924400003
0.0023123141924400003
0.0023123141924400003
0.0023123141924400003
0.0023123141924400003
0.0023123141924400003
0.0023123141924400003
0.0023123141924400003
0.0023123141924400003
0.0023123141924400003
0.0
0.0
0.0
0.0
0.0
0.0
0.0
0.0
0.0
0.0
0.0
0.0
0.0
0.0
0.0
0.0
0.0
0.0
0.0
0.0
0.0
0.0
0.0
0.0
0.0
0.0
0.0
0.0
0.0
0.0
0.0
0.0
0.0
0.0
0.0
0.0
0.0
0.0
0.0
0.0
0.0
0.0
0.0
0.0
0.0
0.0
0.0
0.0
0.0
0.0
0.0
0.0
0.0
0.0
0.0
0.0
0.0
0.0
0.0
0.0
0.0
0.0
0.0
0.0
0.0
0.0
