0.0
0.0
0.0
0.0
0.0
0.0
0.0
0.0
0.0
0.0
0.0
0.0
0.0
0.0
0.0
0.0
0.0
0.0
0.0
0.0
0.0
0.0
0.0
0.0
0.0
0.0
0.0
0.0
0.0
0.0
0.0
0.0
0.0
0.0
0.0
0.0
0.0
0.0
0.0
0.0
0.0
0.0
0.0
0.0
0.0
0.0
0.0
0.0
0.0
0.0
0.0
0.0
0.0
0.0
0.0
0.0
0.0
0.0
0.0
0.0
0.0
0.0
0.0
0.0
0.0
0.0
0.0
0.0
0.0
0.0
0.0
0.0
0.0
0.0
0.0
0.0
0.0
0.0
0.0
0.0
0.0
0.0
0.0
0.0
0.0
0.0
0.0
0.0
0.0
0.0
0.0
0.0
0.0
0.0
0.0
0.0
0.0
0.0
0.0
0.0
0.0
0.0
0.0
0.0
0.0
0.0
0.0
0.0
0.0
0.0
0.00023358962160000002
0.00023358962160000002
0.00023358962160000002
0.00023358962160000002
0.00023358962160000002
0.00023358962160000002
0.00023358962160000002
0.00023358962160000002
0.00023358962160000002
0.00023358962160000002
0.0071147505579
0.0071147505579
0.0071147505579
0.0071147505579
0.0071147505579
0.0071147505579
0.0071147505579
0.0071147505579
0.0071147505579
0.0071147505579
0.0182199904848
0.0182199904848
0.0182199904848
0.0182199904848
0.0182199904848
0.0182199904848
0.0182199904848
0.0182199904848
0.0182199904848
0.0182199904848
0.004058619675300001
0.004058619675300001
0.004058619675300001
0.004058619675300001
0.004058619675300001
0.004058619675300001
0.004058619675300001
0.004058619675300001
0.004058619675300001
0.004058619675300001
0.0041559486843
0.0041559486843
0.0041559486843
0.0041559486843
0.0041559486843
0.0041559486843
0.0041559486843
0.0041559486843
0.0041559486843
0.0041559486843
0.0045744634230000004
0.0045744634230000004
0.0045744634230000004
0.0045744634230000004
0.0045744634230000004
0.0045744634230000004
0.0045744634230000004
0.0045744634230000004
0.0045744634230000004
0.0045744634230000004
0.004584196323900001
0.004584196323900001
0.004584196323900001
0.004584196323900001
0.004584196323900001
0.004584196323900001
0.004584196323900001
0.004584196323900001
0.004584196323900001
0.004584196323900001
0.0033870495132000008
0.0033870495132000008
0.0033870495132000008
0.0033870495132000008
0.0033870495132000008
0.0033870495132000008
0.0033870495132000008
0.0033870495132000008
0.0033870495132000008
0.0033870495132000008
0.0028420070628
0.0028420070628
0.0028420070628
0.0028420070628
0.0028420070628
0.0028420070628
0.0028420070628
0.0028420070628
0.0028420070628
0.0028420070628
0.0040780854771000005
0.0040780854771000005
0.0040780854771000005
0.0040780854771000005
0.0040780854771000005
0.0040780854771000005
0.0040780854771000005
0.0040780854771000005
0.0040780854771000005
0.0040780854771000005
0.005090307170700001
0.005090307170700001
0.005090307170700001
0.005090307170700001
0.005090307170700001
0.005090307170700001
0.005090307170700001
0.005090307170700001
0.005090307170700001
0.005090307170700001
0.005323896792300001
0.005323896792300001
0.005323896792300001
0.005323896792300001
0.005323896792300001
0.005323896792300001
0.005323896792300001
0.005323896792300001
0.005323896792300001
0.005323896792300001
0.0049929781617
0.0049929781617
0.0049929781617
0.0049929781617
0.0049929781617
0.0049929781617
0.0049929781617
0.0049929781617
0.0049929781617
0.0049929781617
0.0025986845403000005
0.0025986845403000005
0.0025986845403000005
0.0025986845403000005
0.0025986845403000005
0.0025986845403000005
0.0025986845403000005
0.0025986845403000005
0.0025986845403000005
0.0025986845403000005
0.0010900849008000002
0.0010900849008000002
0.0010900849008000002
0.0010900849008000002
0.0010900849008000002
0.0010900849008000002
0.0010900849008000002
0.0010900849008000002
0.0010900849008000002
0.0010900849008000002
0.0
0.0
0.0
0.0
0.0
0.0
0.0
0.0
0.0
0.0
0.0
0.0
0.0
0.0
0.0
0.0
0.0
0.0
0.0
0.0
0.0
0.0
0.0
0.0
0.0
0.0
0.0
0.0
0.0
0.0
0.0
0.0
0.0
0.0
0.0
0.0
0.0
0.0
0.0
0.0
0.0
0.0
0.0
0.0
0.0
0.0
0.0
0.0
0.0
0.0
0.0
0.0
0.0
0.0
0.0
0.0
0.0
0.0
0.0
0.0
0.0
0.0
0.0
0.0
0.0
0.0
0.0
0.0
0.0
0.0
0.0
0.0
0.0
0.0
0.0
0.0
0.0
0.0
0.0
0.0
0.0
0.0
0.0
0.0
0.0
0.0
0.0
0.0
0.0
0.0
0.0
0.0
0.0
0.0
0.0
0.0
0.0
0.0
0.0
0.0
0.0
0.0
0.0
0.0
0.0
