0.0
0.0
0.0
0.0
0.0
0.0
0.0
0.0
0.0
0.0
0.0
0.0
0.0
0.0
0.0
0.0
0.0
0.0
0.0
0.0
0.0
0.0
0.0
0.0
0.0
0.0
0.0
0.0
0.0
0.0
0.0
0.0
0.0
0.0
0.0
0.0
0.0
0.0
0.0
0.0
0.0
0.0
0.0
0.0
0.0
0.0
0.0
0.0
0.0
0.0
0.0
0.0
0.0
0.0
0.0
0.0
0.0
0.0
0.0
0.0
0.0
0.0
0.0
0.0
0.0
0.0
0.0
0.0
0.0
0.0
0.0
0.0
0.0
0.0
0.0
0.0
0.0
0.0
0.0
0.0
0.0
0.0
0.0
0.0
0.0
0.0
0.0
0.0
0.0
0.0
0.0
0.0
0.0
0.0
0.0
0.0
0.0
0.0
0.0
0.0
0.0
0.0
0.0
0.0
0.0
0.0
0.0
0.0
0.0
0.0
0.0
0.0
0.0
0.0
0.0
0.0
0.0
0.0
0.0
0.0
0.0
0.0
0.0
0.0
0.0
0.0
0.0
0.0
0.0
0.0
0.0
0.0
0.0
0.0
0.0
0.0
0.0
0.0
0.0
0.0013283132814900002
0.0013283132814900002
0.0013283132814900002
0.0013283132814900002
0.0013283132814900002
0.0013283132814900002
0.0013283132814900002
0.0013283132814900002
0.0013283132814900002
0.0013283132814900002
0.00596038010925
0.00596038010925
0.00596038010925
0.00596038010925
0.00596038010925
0.00596038010925
0.00596038010925
0.00596038010925
0.00596038010925
0.00596038010925
0.00653938846272
0.00653938846272
0.00653938846272
0.00653938846272
0.00653938846272
0.00653938846272
0.00653938846272
0.00653938846272
0.00653938846272
0.00653938846272
0.00650532914781
0.00650532914781
0.00650532914781
0.00650532914781
0.00650532914781
0.00650532914781
0.00650532914781
0.00650532914781
0.00650532914781
0.00650532914781
0.00231603341388
0.00231603341388
0.00231603341388
0.00231603341388
0.00231603341388
0.00231603341388
0.00231603341388
0.00231603341388
0.00231603341388
0.00231603341388
0.00027247451928
0.00027247451928
0.00027247451928
0.00027247451928
0.00027247451928
0.00027247451928
0.00027247451928
0.00027247451928
0.00027247451928
0.00027247451928
0.0036443466953700004
0.0036443466953700004
0.0036443466953700004
0.0036443466953700004
0.0036443466953700004
0.0036443466953700004
0.0036443466953700004
0.0036443466953700004
0.0036443466953700004
0.0036443466953700004
0.008276413523130001
0.008276413523130001
0.008276413523130001
0.008276413523130001
0.008276413523130001
0.008276413523130001
0.008276413523130001
0.008276413523130001
0.008276413523130001
0.008276413523130001
0.009400370915159998
0.009400370915159998
0.009400370915159998
0.009400370915159998
0.009400370915159998
0.009400370915159998
0.009400370915159998
0.009400370915159998
0.009400370915159998
0.009400370915159998
0.00974096406426
0.00974096406426
0.00974096406426
0.00974096406426
0.00974096406426
0.00974096406426
0.00974096406426
0.00974096406426
0.00974096406426
0.00974096406426
0.00439365162339
0.00439365162339
0.00439365162339
0.00439365162339
0.00439365162339
0.00439365162339
0.00439365162339
0.00439365162339
0.00439365162339
0.00439365162339
0.00180514369023
0.00180514369023
0.00180514369023
0.00180514369023
0.00180514369023
0.00180514369023
0.00180514369023
0.00180514369023
0.00180514369023
0.00180514369023
0.0026225672480700004
0.0026225672480700004
0.0026225672480700004
0.0026225672480700004
0.0026225672480700004
0.0026225672480700004
0.0026225672480700004
0.0026225672480700004
0.0026225672480700004
0.0026225672480700004
0.00425741436375
0.00425741436375
0.00425741436375
0.00425741436375
0.00425741436375
0.00425741436375
0.00425741436375
0.00425741436375
0.00425741436375
0.00425741436375
0.00487048203213
0.00487048203213
0.00487048203213
0.00487048203213
0.00487048203213
0.00487048203213
0.00487048203213
0.00487048203213
0.00487048203213
0.00487048203213
0.00286098245244
0.00286098245244
0.00286098245244
0.00286098245244
0.00286098245244
0.00286098245244
0.00286098245244
0.00286098245244
0.00286098245244
0.00286098245244
0.0
0.0
0.0
0.0
0.0
0.0
0.0
0.0
0.0
0.0
0.0
0.0
0.0
0.0
0.0
0.0
0.0
0.0
0.0
0.0
0.0
0.0
0.0
0.0
0.0
0.0
0.0
0.0
0.0
0.0
0.0
0.0
0.0
0.0
0.0
0.0
0.0
0.0
0.0
0.0
0.0
0.0
0.0
0.0
0.0
0.0
0.0
0.0
0.0
0.0
0.0
0.0
0.0
0.0
0.0
0.0
0.0
0.0
0.0
0.0
0.0
0.0
0.0
0.0
0.0
0.0
